image_width: 1280
image_height: 720
camera_name: mo_cam/camera_info
camera_matrix:
  rows: 3
  cols: 3
  data: [1011.223089, 0.000000, 672.403521, 0.000000, 1010.841645, 313.294721, 0.000000, 0.000000, 1.000000]
distortion_model: plumb_bob
distortion_coefficients:
  rows: 1
  cols: 5
  data: [-0.008801, 0.018620, 0.000757, 0.000608, 0.000000]
rectification_matrix:
  rows: 3
  cols: 3
  data: [1.000000, 0.000000, 0.000000, 0.000000, 1.000000, 0.000000, 0.000000, 0.000000, 1.000000]
projection_matrix:
  rows: 3
  cols: 4
  data: [1012.714417, 0.000000, 672.919452, 0.000000, 0.000000, 1011.990417, 313.961325, 0.000000, 0.000000, 0.000000, 1.000000, 0.000000]
